26451 1.0 0.0 0.0 1.0 0.0
02551 0.0 0.0 0.0 1.0 0.0
11171 1.0 0.0 0.0 0.0 0.0
13311 0.0 1.0 0.0 0.0 0.0
08681 0.0 1.0 0.0 0.0 0.0
13911 0.0 1.0 0.0 1.0 0.0
29241 0.0 1.0 0.0 1.0 0.0
29171 0.0 0.0 0.0 1.0 0.0
19761 1.0 0.0 0.0 0.0 0.0
25101 1.0 0.0 1.0 0.0 0.0
06131 1.0 0.0 0.0 0.0 0.0
04001 0.0 1.0 0.0 1.0 0.0
23541 0.0 1.0 0.0 1.0 0.0
11831 0.0 1.0 0.0 0.0 0.0
00541 0.0 0.0 1.0 0.0 0.0
16931 0.0 1.0 0.0 0.0 0.0
04131 0.0 0.0 0.0 1.0 0.0
10371 1.0 0.0 0.0 0.0 0.0
15901 1.0 0.0 0.0 0.0 1.0
28841 0.0 0.0 0.0 0.0 0.0
24841 1.0 1.0 0.0 0.0 0.0
12531 0.0 1.0 0.0 0.0 0.0
13111 0.0 1.0 1.0 0.0 0.0
07451 0.0 1.0 0.0 1.0 0.0
12111 1.0 0.0 0.0 1.0 0.0
30051 0.0 0.0 0.0 1.0 0.0
21291 0.0 1.0 0.0 1.0 0.0
20701 0.0 1.0 0.0 1.0 0.0
08781 0.0 1.0 0.0 0.0 0.0
13461 0.0 0.0 0.0 0.0 0.0
18781 0.0 1.0 0.0 0.0 0.0
17881 0.0 0.0 0.0 1.0 0.0
17171 0.0 0.0 0.0 1.0 0.0
21131 0.0 1.0 0.0 1.0 0.0
13481 0.0 0.0 0.0 1.0 0.0
23511 0.0 1.0 0.0 1.0 0.0
29851 1.0 0.0 0.0 0.0 0.0
13531 0.0 1.0 0.0 1.0 0.0
14611 0.0 0.0 0.0 1.0 0.0
04901 0.0 1.0 0.0 1.0 0.0
26821 1.0 0.0 0.0 1.0 0.0
05281 0.0 1.0 0.0 0.0 0.0
28921 0.0 0.0 0.0 0.0 0.0
09381 0.0 1.0 1.0 0.0 0.0
09831 0.0 0.0 0.0 0.0 0.0
27731 0.0 0.0 1.0 1.0 0.0
23261 0.0 1.0 0.0 1.0 0.0
04271 0.0 0.0 0.0 1.0 0.0
12671 0.0 0.0 0.0 0.0 0.0
19831 0.0 0.0 0.0 1.0 1.0
26501 1.0 1.0 0.0 0.0 0.0
16951 1.0 0.0 1.0 0.0 0.0
00631 0.0 1.0 0.0 0.0 0.0
06261 0.0 1.0 0.0 0.0 0.0
29161 1.0 0.0 0.0 1.0 1.0
04161 0.0 0.0 0.0 1.0 1.0
14851 1.0 1.0 0.0 1.0 0.0
23171 0.0 0.0 0.0 1.0 1.0
19511 0.0 0.0 0.0 1.0 0.0
18201 0.0 1.0 0.0 0.0 1.0
13521 0.0 0.0 0.0 1.0 0.0
19181 1.0 0.0 0.0 0.0 1.0
00491 0.0 0.0 0.0 0.0 0.0
29551 0.0 0.0 0.0 1.0 0.0
11751 1.0 0.0 0.0 0.0 1.0
14621 0.0 0.0 0.0 0.0 0.0
17721 0.0 0.0 0.0 0.0 0.0
15351 1.0 0.0 0.0 1.0 0.0
19431 1.0 0.0 0.0 0.0 0.0
22991 0.0 0.0 0.0 1.0 0.0
22141 0.0 0.0 0.0 1.0 0.0
28691 0.0 0.0 0.0 0.0 0.0
14731 0.0 1.0 0.0 1.0 0.0
05871 1.0 0.0 0.0 0.0 0.0
01131 0.0 0.0 0.0 1.0 0.0
07331 0.0 1.0 0.0 0.0 1.0
22471 1.0 0.0 0.0 0.0 0.0
26021 0.0 0.0 1.0 1.0 1.0
01951 0.0 1.0 0.0 1.0 0.0
21211 0.0 1.0 0.0 0.0 0.0
08361 0.0 0.0 0.0 1.0 0.0
24471 1.0 0.0 0.0 0.0 1.0
10311 1.0 0.0 0.0 0.0 1.0
30011 1.0 1.0 0.0 0.0 0.0
19951 0.0 0.0 0.0 0.0 1.0
03961 0.0 1.0 0.0 1.0 0.0
17461 0.0 0.0 0.0 1.0 0.0
25451 0.0 0.0 0.0 1.0 0.0
23491 1.0 1.0 0.0 0.0 0.0
05031 0.0 1.0 0.0 1.0 0.0
19131 0.0 1.0 0.0 0.0 0.0
30111 0.0 0.0 0.0 1.0 0.0
14481 1.0 0.0 0.0 0.0 0.0
17131 1.0 0.0 0.0 0.0 1.0
07771 1.0 0.0 0.0 0.0 0.0
20791 0.0 1.0 0.0 1.0 0.0
24361 0.0 0.0 0.0 1.0 0.0
09621 1.0 0.0 0.0 1.0 0.0
12821 0.0 1.0 0.0 1.0 0.0
08711 0.0 1.0 0.0 0.0 0.0
09581 0.0 1.0 0.0 0.0 0.0
27931 1.0 0.0 0.0 0.0 0.0
03941 0.0 0.0 0.0 1.0 0.0
27851 0.0 0.0 0.0 1.0 0.0
03891 1.0 0.0 0.0 0.0 0.0
21521 0.0 1.0 0.0 1.0 0.0
26801 0.0 0.0 1.0 1.0 0.0
12521 0.0 1.0 0.0 0.0 0.0
25001 0.0 1.0 1.0 1.0 0.0
29921 1.0 0.0 0.0 1.0 0.0
19151 1.0 0.0 0.0 0.0 1.0
03631 0.0 1.0 0.0 1.0 0.0
21971 0.0 0.0 0.0 1.0 1.0
11901 1.0 1.0 0.0 0.0 0.0
18381 1.0 1.0 0.0 0.0 0.0
22751 0.0 1.0 0.0 1.0 0.0
14531 0.0 1.0 0.0 1.0 0.0
24201 0.0 0.0 0.0 1.0 1.0
06521 0.0 1.0 0.0 0.0 0.0
07971 0.0 1.0 0.0 0.0 1.0
10641 0.0 1.0 0.0 0.0 0.0
18881 0.0 1.0 1.0 0.0 1.0
00261 0.0 1.0 1.0 0.0 0.0
27511 0.0 0.0 0.0 1.0 0.0
07271 1.0 1.0 0.0 0.0 1.0
01731 1.0 0.0 0.0 0.0 0.0
11231 1.0 1.0 0.0 0.0 0.0
16601 0.0 1.0 0.0 0.0 0.0
25261 0.0 0.0 0.0 1.0 0.0
20691 1.0 0.0 0.0 1.0 1.0
02541 0.0 0.0 0.0 1.0 0.0
11061 1.0 0.0 0.0 0.0 0.0
22931 1.0 1.0 0.0 0.0 0.0
02101 1.0 0.0 0.0 0.0 1.0
07631 0.0 1.0 0.0 0.0 0.0
23221 0.0 0.0 0.0 1.0 0.0
23811 0.0 1.0 0.0 1.0 0.0
19931 0.0 1.0 0.0 1.0 1.0
05091 0.0 1.0 0.0 0.0 0.0
00411 0.0 0.0 1.0 1.0 0.0
17491 0.0 1.0 0.0 0.0 0.0
10911 1.0 1.0 0.0 0.0 1.0
29181 1.0 1.0 0.0 0.0 0.0
17481 0.0 1.0 0.0 0.0 0.0
12701 0.0 0.0 0.0 0.0 0.0
16211 0.0 0.0 0.0 0.0 0.0
07101 0.0 1.0 0.0 0.0 0.0
30201 0.0 0.0 0.0 1.0 0.0
24921 0.0 1.0 0.0 0.0 1.0
19691 0.0 0.0 0.0 0.0 0.0
23291 0.0 0.0 0.0 1.0 1.0
22881 0.0 1.0 0.0 0.0 0.0
26901 1.0 0.0 1.0 0.0 1.0
24721 0.0 0.0 0.0 1.0 1.0
29141 1.0 0.0 0.0 1.0 0.0
11271 0.0 1.0 0.0 0.0 0.0
07301 0.0 1.0 0.0 0.0 0.0
13721 1.0 1.0 0.0 1.0 0.0
27311 0.0 1.0 0.0 1.0 0.0
20051 0.0 1.0 0.0 0.0 0.0
19971 0.0 0.0 0.0 0.0 1.0
18961 0.0 1.0 0.0 0.0 0.0
07781 1.0 0.0 0.0 0.0 0.0
15211 0.0 0.0 0.0 1.0 1.0
02041 1.0 0.0 0.0 1.0 0.0
24731 0.0 0.0 0.0 0.0 1.0
27901 1.0 0.0 0.0 1.0 0.0
24101 0.0 1.0 0.0 0.0 0.0
21181 0.0 1.0 0.0 1.0 0.0
14651 0.0 0.0 0.0 1.0 0.0
12461 0.0 1.0 0.0 0.0 0.0
20881 0.0 1.0 0.0 1.0 0.0
26151 0.0 1.0 0.0 1.0 0.0
20901 0.0 0.0 0.0 1.0 0.0
17311 0.0 1.0 0.0 1.0 0.0
24651 0.0 1.0 1.0 0.0 0.0
19901 1.0 0.0 0.0 1.0 1.0
00881 0.0 1.0 0.0 1.0 0.0
22341 0.0 0.0 0.0 1.0 0.0
15911 1.0 1.0 0.0 0.0 0.0
13421 0.0 0.0 0.0 0.0 1.0
01411 0.0 0.0 0.0 0.0 0.0
14431 1.0 0.0 0.0 1.0 1.0
27261 1.0 0.0 0.0 0.0 1.0
16671 0.0 1.0 0.0 0.0 0.0
24211 0.0 0.0 0.0 1.0 1.0
22671 0.0 1.0 0.0 1.0 0.0
29881 0.0 1.0 0.0 1.0 0.0
18051 1.0 0.0 0.0 1.0 1.0
06661 1.0 1.0 0.0 0.0 0.0
13691 0.0 1.0 0.0 1.0 0.0
15871 0.0 1.0 0.0 0.0 0.0
04741 0.0 0.0 1.0 1.0 0.0
25891 1.0 0.0 0.0 0.0 0.0
28531 0.0 0.0 0.0 1.0 0.0
00301 0.0 0.0 1.0 0.0 0.0
25241 0.0 0.0 0.0 1.0 0.0
15571 0.0 0.0 0.0 1.0 0.0
01231 0.0 0.0 0.0 1.0 0.0
05461 0.0 1.0 0.0 1.0 0.0
27361 1.0 0.0 0.0 1.0 0.0
28451 0.0 0.0 0.0 0.0 1.0
12271 1.0 1.0 0.0 1.0 0.0
17671 0.0 0.0 0.0 1.0 0.0
03881 1.0 0.0 0.0 1.0 0.0
23011 0.0 1.0 0.0 0.0 0.0
07401 0.0 1.0 0.0 0.0 0.0
12781 0.0 1.0 0.0 1.0 0.0
17501 0.0 1.0 0.0 0.0 0.0
18451 0.0 1.0 0.0 0.0 0.0
29351 1.0 0.0 0.0 1.0 0.0
22181 0.0 1.0 1.0 0.0 0.0
25541 0.0 0.0 0.0 1.0 0.0
22411 0.0 1.0 0.0 1.0 0.0
16971 1.0 0.0 0.0 0.0 0.0
23061 0.0 1.0 0.0 1.0 0.0
01381 0.0 0.0 0.0 1.0 1.0
12131 0.0 1.0 1.0 1.0 0.0
29991 0.0 0.0 0.0 1.0 0.0
01461 0.0 1.0 1.0 0.0 0.0
26051 1.0 1.0 0.0 1.0 0.0
06961 0.0 1.0 0.0 0.0 0.0
25351 0.0 0.0 0.0 1.0 0.0
12351 0.0 1.0 1.0 0.0 0.0
24291 0.0 0.0 0.0 1.0 1.0
16001 1.0 1.0 0.0 0.0 0.0
19371 0.0 0.0 0.0 1.0 0.0
02201 0.0 0.0 0.0 1.0 0.0
10401 0.0 1.0 1.0 0.0 0.0
13131 0.0 0.0 0.0 0.0 0.0
06741 1.0 1.0 0.0 0.0 0.0
17731 0.0 0.0 0.0 0.0 0.0
22801 0.0 0.0 1.0 1.0 0.0
09491 0.0 1.0 0.0 0.0 0.0
10351 1.0 0.0 1.0 0.0 0.0
07031 0.0 1.0 0.0 0.0 0.0
17151 0.0 0.0 0.0 1.0 1.0
13291 0.0 0.0 0.0 1.0 0.0
11741 1.0 0.0 0.0 0.0 1.0
15541 0.0 0.0 0.0 1.0 1.0
05081 0.0 1.0 0.0 0.0 0.0
14681 0.0 0.0 0.0 1.0 0.0
13321 0.0 0.0 0.0 1.0 0.0
09901 1.0 1.0 0.0 0.0 0.0
10601 1.0 0.0 1.0 0.0 0.0
28431 0.0 0.0 0.0 1.0 1.0
02891 0.0 0.0 0.0 1.0 0.0
21141 0.0 1.0 0.0 0.0 1.0
21811 0.0 0.0 0.0 1.0 1.0
22011 1.0 0.0 1.0 0.0 0.0
18561 0.0 0.0 0.0 1.0 0.0
28641 0.0 0.0 0.0 1.0 0.0
06161 0.0 0.0 0.0 0.0 0.0
27611 0.0 0.0 0.0 0.0 1.0
29471 0.0 1.0 0.0 1.0 0.0
22681 0.0 1.0 0.0 0.0 0.0
01571 0.0 0.0 1.0 0.0 0.0
15681 0.0 0.0 0.0 1.0 0.0
27431 1.0 0.0 0.0 0.0 0.0
07281 1.0 1.0 0.0 0.0 0.0
01781 0.0 0.0 0.0 1.0 0.0
08811 0.0 0.0 0.0 1.0 0.0
00681 0.0 0.0 1.0 0.0 0.0
10791 1.0 0.0 0.0 0.0 0.0
24631 0.0 0.0 0.0 1.0 1.0
07191 0.0 1.0 0.0 0.0 0.0
07641 0.0 0.0 0.0 0.0 0.0
08011 0.0 0.0 0.0 0.0 0.0
19771 1.0 0.0 0.0 0.0 0.0
03951 0.0 1.0 0.0 1.0 1.0
13041 0.0 0.0 1.0 0.0 1.0
26661 1.0 0.0 0.0 1.0 0.0
20011 1.0 0.0 0.0 0.0 1.0
13081 0.0 1.0 0.0 0.0 0.0
11531 0.0 1.0 0.0 0.0 1.0
02011 1.0 0.0 0.0 0.0 1.0
06851 0.0 1.0 0.0 0.0 0.0
26401 1.0 0.0 0.0 1.0 0.0
07561 1.0 0.0 1.0 0.0 0.0
23661 0.0 1.0 0.0 1.0 0.0
03071 0.0 0.0 0.0 1.0 0.0
12191 1.0 0.0 0.0 0.0 0.0
28071 0.0 1.0 0.0 1.0 0.0
28021 0.0 1.0 0.0 1.0 0.0
24061 1.0 1.0 0.0 0.0 0.0
19961 0.0 0.0 1.0 0.0 1.0
06011 0.0 1.0 0.0 0.0 0.0
21401 1.0 1.0 0.0 0.0 0.0
15951 0.0 1.0 0.0 0.0 0.0
14221 0.0 1.0 0.0 1.0 0.0
10491 0.0 0.0 0.0 1.0 1.0
28001 0.0 1.0 1.0 1.0 0.0
27011 0.0 0.0 0.0 1.0 0.0
25561 0.0 0.0 0.0 0.0 1.0
29861 1.0 0.0 0.0 0.0 0.0
18751 0.0 1.0 0.0 0.0 0.0
13001 1.0 0.0 1.0 1.0 0.0
08541 0.0 1.0 0.0 1.0 1.0
01291 0.0 0.0 1.0 1.0 0.0
27031 1.0 0.0 0.0 0.0 0.0
10851 1.0 0.0 1.0 0.0 0.0
28501 0.0 0.0 0.0 1.0 1.0
11811 0.0 1.0 0.0 0.0 1.0
04671 0.0 1.0 0.0 1.0 0.0
00061 1.0 0.0 1.0 0.0 0.0
28291 0.0 1.0 0.0 1.0 1.0
22121 0.0 0.0 1.0 0.0 1.0
16751 0.0 1.0 0.0 1.0 0.0
21951 0.0 0.0 0.0 1.0 1.0
09801 0.0 0.0 1.0 1.0 1.0
16111 0.0 1.0 0.0 0.0 0.0
15201 0.0 1.0 0.0 0.0 0.0
03381 0.0 1.0 0.0 0.0 0.0
09211 0.0 0.0 0.0 1.0 0.0
16411 0.0 1.0 0.0 0.0 0.0
07731 1.0 0.0 1.0 0.0 0.0
25041 0.0 1.0 0.0 1.0 0.0
06151 0.0 1.0 1.0 1.0 0.0
14201 0.0 0.0 0.0 1.0 0.0
01301 0.0 0.0 1.0 0.0 0.0
28871 0.0 1.0 0.0 0.0 1.0
14751 0.0 1.0 0.0 0.0 0.0
18991 0.0 1.0 0.0 1.0 0.0
02811 0.0 0.0 0.0 1.0 0.0
11211 0.0 1.0 0.0 0.0 0.0
28261 0.0 0.0 0.0 1.0 0.0
23351 0.0 1.0 0.0 1.0 1.0
06281 0.0 1.0 0.0 0.0 1.0
20711 0.0 1.0 0.0 1.0 0.0
24071 1.0 0.0 0.0 1.0 0.0
02261 0.0 0.0 0.0 1.0 0.0
27141 1.0 0.0 0.0 0.0 0.0
20361 0.0 0.0 0.0 1.0 1.0
28811 1.0 1.0 0.0 0.0 0.0
20651 0.0 0.0 0.0 1.0 0.0
01391 0.0 0.0 1.0 0.0 0.0
22511 1.0 0.0 0.0 0.0 0.0
06751 0.0 1.0 0.0 0.0 0.0
22071 1.0 1.0 0.0 0.0 0.0
06931 0.0 1.0 0.0 0.0 0.0
22271 1.0 0.0 0.0 0.0 0.0
08921 0.0 0.0 0.0 1.0 1.0
27651 0.0 0.0 0.0 1.0 0.0
01831 0.0 0.0 0.0 1.0 0.0
22501 1.0 0.0 0.0 0.0 0.0
25921 0.0 1.0 0.0 0.0 1.0
04121 0.0 1.0 0.0 0.0 0.0
23681 0.0 0.0 0.0 1.0 0.0
26301 0.0 0.0 0.0 1.0 0.0
11631 0.0 0.0 1.0 0.0 1.0
26181 0.0 1.0 0.0 0.0 0.0
25931 0.0 0.0 0.0 0.0 1.0
29221 0.0 1.0 0.0 0.0 0.0
10541 1.0 0.0 0.0 0.0 0.0
21041 0.0 1.0 0.0 1.0 0.0
13621 0.0 1.0 0.0 0.0 1.0
10141 0.0 1.0 0.0 0.0 0.0
09121 1.0 0.0 0.0 1.0 0.0
18371 0.0 0.0 0.0 0.0 0.0
16051 0.0 1.0 0.0 0.0 0.0
24121 0.0 0.0 0.0 1.0 0.0
09821 0.0 1.0 0.0 0.0 1.0
18211 0.0 1.0 0.0 1.0 1.0
21451 0.0 1.0 1.0 0.0 0.0
14381 0.0 0.0 0.0 0.0 0.0
08061 0.0 0.0 0.0 1.0 0.0
25571 0.0 0.0 0.0 1.0 1.0
09061 1.0 0.0 0.0 1.0 1.0
09051 0.0 1.0 0.0 1.0 1.0
14861 1.0 1.0 0.0 1.0 0.0
08981 0.0 1.0 0.0 1.0 0.0
19521 0.0 0.0 0.0 1.0 0.0
21481 0.0 1.0 0.0 0.0 0.0
01071 0.0 0.0 0.0 0.0 1.0
07871 0.0 0.0 0.0 0.0 1.0
00761 0.0 1.0 0.0 1.0 0.0
24311 0.0 0.0 1.0 0.0 1.0
20021 1.0 0.0 0.0 1.0 0.0
04591 0.0 0.0 0.0 1.0 0.0
01611 0.0 0.0 1.0 0.0 0.0
12151 0.0 1.0 1.0 0.0 0.0
23931 0.0 0.0 0.0 1.0 0.0
05781 0.0 1.0 0.0 0.0 0.0
01931 0.0 1.0 0.0 1.0 0.0
06471 0.0 1.0 0.0 0.0 0.0
04791 0.0 1.0 0.0 0.0 0.0
01601 0.0 0.0 1.0 0.0 0.0
07841 0.0 0.0 0.0 1.0 0.0
12751 0.0 0.0 0.0 1.0 1.0
05791 0.0 0.0 1.0 1.0 0.0
28861 1.0 0.0 0.0 0.0 0.0
09951 0.0 0.0 0.0 0.0 0.0
27581 1.0 1.0 0.0 1.0 0.0
18131 0.0 0.0 0.0 0.0 0.0
08801 0.0 1.0 0.0 0.0 0.0
01161 0.0 0.0 0.0 1.0 0.0
24191 0.0 1.0 0.0 0.0 1.0
04551 0.0 0.0 1.0 1.0 0.0
13061 0.0 0.0 0.0 0.0 1.0
12911 0.0 0.0 0.0 0.0 1.0
06981 0.0 1.0 0.0 0.0 0.0
21741 0.0 0.0 0.0 0.0 1.0
08591 0.0 0.0 0.0 0.0 1.0
21231 0.0 1.0 0.0 0.0 0.0
17251 0.0 0.0 0.0 1.0 1.0
19631 0.0 0.0 0.0 0.0 1.0
02391 0.0 0.0 0.0 1.0 0.0
06451 0.0 1.0 0.0 0.0 0.0
08451 1.0 0.0 0.0 1.0 0.0
06141 0.0 1.0 0.0 0.0 0.0
09221 0.0 1.0 0.0 1.0 0.0
12571 1.0 0.0 1.0 0.0 0.0
03601 0.0 0.0 0.0 1.0 0.0
01591 0.0 0.0 1.0 1.0 0.0
20871 0.0 0.0 0.0 1.0 0.0
16741 0.0 1.0 0.0 0.0 0.0
06911 0.0 0.0 0.0 0.0 0.0
29591 1.0 0.0 1.0 0.0 0.0
09041 0.0 1.0 0.0 0.0 0.0
21261 0.0 1.0 0.0 0.0 0.0
21961 1.0 0.0 0.0 0.0 1.0
08081 0.0 0.0 0.0 0.0 0.0
14101 0.0 0.0 1.0 1.0 0.0
15511 0.0 0.0 0.0 1.0 0.0
04651 0.0 1.0 0.0 1.0 1.0
05951 0.0 1.0 0.0 1.0 0.0
24541 0.0 0.0 0.0 1.0 1.0
26851 0.0 0.0 0.0 1.0 1.0
13681 0.0 1.0 0.0 1.0 0.0
06781 1.0 1.0 0.0 0.0 0.0
12001 1.0 0.0 0.0 0.0 0.0
09841 1.0 0.0 0.0 0.0 0.0
06561 0.0 1.0 0.0 0.0 0.0
24791 0.0 1.0 0.0 0.0 0.0
24971 0.0 0.0 1.0 1.0 0.0
17891 0.0 1.0 0.0 1.0 0.0
00441 0.0 0.0 0.0 1.0 0.0
30251 0.0 0.0 0.0 1.0 0.0
19301 0.0 0.0 0.0 1.0 1.0
18681 0.0 1.0 0.0 0.0 1.0
19711 1.0 0.0 0.0 0.0 1.0
00221 0.0 1.0 0.0 0.0 0.0
13571 0.0 1.0 0.0 1.0 1.0
15041 0.0 1.0 0.0 0.0 0.0
16681 0.0 1.0 0.0 0.0 0.0
21331 1.0 0.0 0.0 1.0 1.0
23761 0.0 0.0 0.0 1.0 0.0
07591 1.0 1.0 0.0 0.0 1.0
02561 0.0 0.0 0.0 1.0 0.0
00151 0.0 1.0 1.0 0.0 0.0
00401 0.0 0.0 1.0 0.0 0.0
04881 0.0 1.0 0.0 1.0 1.0
27251 1.0 1.0 0.0 1.0 0.0
14061 0.0 1.0 0.0 1.0 0.0
18431 1.0 1.0 0.0 1.0 0.0
25061 0.0 1.0 0.0 1.0 0.0
14501 0.0 0.0 0.0 1.0 1.0
00051 0.0 0.0 1.0 0.0 0.0
05411 0.0 1.0 0.0 0.0 0.0
22101 1.0 0.0 1.0 0.0 1.0
06551 1.0 1.0 0.0 0.0 0.0
17681 0.0 0.0 0.0 1.0 1.0
15001 0.0 1.0 0.0 0.0 0.0
03721 0.0 0.0 0.0 1.0 0.0
25151 1.0 0.0 0.0 1.0 0.0
05971 0.0 1.0 0.0 0.0 0.0
25161 1.0 0.0 0.0 1.0 0.0
19191 1.0 0.0 0.0 1.0 0.0
26521 0.0 0.0 0.0 1.0 1.0
07981 0.0 1.0 0.0 0.0 0.0
01051 0.0 1.0 0.0 0.0 1.0
06971 0.0 1.0 0.0 0.0 0.0
03041 0.0 0.0 0.0 1.0 0.0
07121 0.0 1.0 0.0 0.0 1.0
14721 0.0 1.0 0.0 0.0 0.0
22611 0.0 0.0 0.0 1.0 0.0
08901 0.0 0.0 0.0 0.0 1.0
24111 0.0 1.0 0.0 0.0 0.0
27411 0.0 1.0 0.0 1.0 0.0
25851 1.0 0.0 0.0 1.0 1.0
26341 0.0 0.0 0.0 1.0 0.0
14931 0.0 1.0 0.0 1.0 0.0
11441 1.0 0.0 0.0 0.0 1.0
29211 0.0 1.0 1.0 0.0 0.0
15151 1.0 0.0 0.0 0.0 1.0
05291 0.0 0.0 0.0 0.0 0.0
24761 1.0 0.0 0.0 0.0 0.0
29631 0.0 0.0 0.0 0.0 0.0
24131 1.0 0.0 0.0 1.0 0.0
16311 1.0 1.0 1.0 0.0 0.0
10581 0.0 0.0 0.0 0.0 1.0
06531 1.0 1.0 0.0 0.0 0.0
27421 1.0 0.0 0.0 1.0 0.0
19101 0.0 0.0 0.0 0.0 1.0
28191 1.0 1.0 0.0 0.0 0.0
06841 1.0 1.0 0.0 0.0 0.0
23781 0.0 0.0 0.0 1.0 0.0
17801 0.0 0.0 0.0 1.0 0.0
09371 0.0 1.0 0.0 0.0 0.0
00501 0.0 0.0 0.0 0.0 0.0
28541 0.0 0.0 0.0 1.0 0.0
13401 0.0 1.0 1.0 0.0 0.0
28551 0.0 0.0 0.0 1.0 0.0
26001 0.0 1.0 0.0 1.0 0.0
12301 1.0 1.0 0.0 0.0 0.0
29271 0.0 0.0 0.0 1.0 0.0
04981 0.0 0.0 0.0 1.0 1.0
03751 0.0 0.0 0.0 1.0 0.0
10211 1.0 0.0 0.0 0.0 0.0
17631 1.0 0.0 0.0 0.0 0.0
12061 0.0 0.0 0.0 0.0 0.0
13661 0.0 0.0 0.0 1.0 0.0
29961 0.0 0.0 0.0 1.0 0.0
00231 0.0 0.0 1.0 0.0 0.0
29021 0.0 1.0 0.0 1.0 0.0
06251 0.0 1.0 0.0 0.0 0.0
24411 1.0 0.0 0.0 1.0 1.0
16381 0.0 1.0 0.0 0.0 0.0
21421 0.0 1.0 0.0 1.0 0.0
25581 1.0 0.0 0.0 0.0 0.0
14321 1.0 1.0 0.0 0.0 0.0
14971 1.0 0.0 1.0 0.0 0.0
10811 1.0 0.0 0.0 0.0 0.0
22131 0.0 0.0 1.0 0.0 0.0
18621 0.0 1.0 0.0 0.0 0.0
01081 1.0 0.0 0.0 1.0 0.0
19811 1.0 0.0 0.0 1.0 0.0
28621 1.0 0.0 0.0 1.0 0.0
08551 0.0 0.0 0.0 1.0 1.0
08861 0.0 1.0 0.0 1.0 0.0
01651 0.0 0.0 1.0 1.0 0.0
10611 0.0 1.0 0.0 0.0 0.0
06791 0.0 1.0 0.0 0.0 0.0
08301 1.0 0.0 0.0 1.0 0.0
28281 1.0 0.0 0.0 1.0 0.0
23031 0.0 1.0 0.0 1.0 0.0
04191 0.0 0.0 1.0 1.0 0.0
30021 0.0 0.0 0.0 1.0 0.0
25841 1.0 0.0 0.0 0.0 0.0
00041 1.0 0.0 1.0 0.0 0.0
03981 0.0 0.0 1.0 1.0 0.0
25881 1.0 0.0 0.0 0.0 0.0
01961 0.0 0.0 0.0 1.0 0.0
04931 0.0 1.0 0.0 0.0 0.0
08601 0.0 0.0 1.0 0.0 0.0
22701 0.0 1.0 0.0 1.0 0.0
13881 1.0 0.0 1.0 0.0 1.0
08181 0.0 0.0 1.0 0.0 0.0
28941 0.0 0.0 1.0 1.0 0.0
10661 1.0 1.0 0.0 0.0 0.0
16061 0.0 1.0 0.0 0.0 0.0
18591 0.0 1.0 0.0 0.0 0.0
16721 0.0 1.0 0.0 0.0 0.0
07921 1.0 1.0 0.0 0.0 0.0
27381 1.0 0.0 1.0 1.0 0.0
06641 1.0 1.0 0.0 0.0 0.0
08371 0.0 0.0 0.0 1.0 0.0
22591 0.0 1.0 0.0 1.0 0.0
17191 0.0 1.0 1.0 0.0 0.0
22841 0.0 1.0 0.0 1.0 0.0
26361 1.0 0.0 0.0 1.0 0.0
07671 0.0 1.0 0.0 0.0 0.0
29711 0.0 0.0 1.0 0.0 0.0
07941 0.0 1.0 0.0 0.0 0.0
14241 0.0 0.0 0.0 1.0 1.0
27471 1.0 0.0 0.0 1.0 0.0
26011 0.0 0.0 0.0 1.0 1.0
27271 0.0 0.0 0.0 0.0 1.0
22831 0.0 1.0 0.0 1.0 0.0
15371 0.0 0.0 0.0 0.0 1.0
08161 0.0 0.0 0.0 0.0 0.0
15131 1.0 0.0 0.0 1.0 1.0
24521 0.0 0.0 0.0 1.0 1.0
10161 1.0 1.0 0.0 0.0 0.0
20091 0.0 0.0 1.0 1.0 0.0
20231 0.0 0.0 0.0 1.0 1.0
09481 0.0 1.0 0.0 0.0 1.0
01511 1.0 0.0 1.0 0.0 0.0
29541 0.0 1.0 0.0 1.0 0.0
16301 1.0 1.0 0.0 0.0 0.0
19271 0.0 0.0 1.0 0.0 1.0
12921 0.0 1.0 0.0 1.0 0.0
11421 1.0 0.0 0.0 0.0 0.0
01141 0.0 0.0 0.0 1.0 0.0
20471 0.0 0.0 0.0 1.0 1.0
11501 1.0 0.0 0.0 0.0 1.0
07381 0.0 1.0 0.0 0.0 0.0
14741 0.0 1.0 0.0 0.0 0.0
11011 1.0 0.0 0.0 0.0 0.0
16191 1.0 0.0 0.0 0.0 0.0
06431 0.0 1.0 0.0 0.0 0.0
17021 0.0 0.0 0.0 0.0 0.0
23441 0.0 0.0 0.0 1.0 0.0
20441 0.0 0.0 0.0 1.0 0.0
19121 0.0 1.0 0.0 1.0 1.0
00901 0.0 1.0 0.0 0.0 0.0
00291 0.0 1.0 0.0 0.0 0.0
02751 0.0 0.0 0.0 1.0 0.0
15111 0.0 0.0 0.0 0.0 1.0
01891 1.0 0.0 1.0 1.0 0.0
23501 1.0 1.0 0.0 0.0 0.0
05311 0.0 1.0 0.0 0.0 0.0
03191 0.0 0.0 0.0 1.0 0.0
22431 1.0 0.0 0.0 0.0 0.0
18981 1.0 0.0 0.0 0.0 0.0
21491 0.0 1.0 0.0 0.0 0.0
21091 0.0 1.0 0.0 0.0 0.0
21301 0.0 0.0 0.0 1.0 0.0
22791 0.0 1.0 0.0 1.0 0.0
03651 0.0 1.0 0.0 0.0 0.0
18471 1.0 1.0 0.0 1.0 0.0
29691 1.0 0.0 0.0 0.0 0.0
19011 0.0 1.0 0.0 0.0 0.0
15451 0.0 1.0 0.0 1.0 0.0
05001 0.0 1.0 0.0 0.0 0.0
17121 0.0 1.0 0.0 0.0 0.0
26771 0.0 1.0 0.0 0.0 1.0
11431 1.0 0.0 0.0 0.0 0.0
14331 0.0 1.0 1.0 0.0 1.0
11541 0.0 0.0 0.0 0.0 1.0
10281 1.0 0.0 0.0 0.0 1.0
16911 0.0 1.0 0.0 1.0 0.0
05861 1.0 1.0 0.0 1.0 0.0
19141 0.0 1.0 0.0 0.0 1.0
20641 1.0 0.0 0.0 1.0 1.0
15011 0.0 0.0 0.0 0.0 0.0
09711 0.0 1.0 0.0 0.0 0.0
11051 1.0 0.0 0.0 0.0 0.0
00161 0.0 1.0 1.0 0.0 0.0
08131 1.0 1.0 0.0 0.0 1.0
03261 0.0 1.0 1.0 1.0 0.0
06881 0.0 1.0 0.0 0.0 0.0
17141 0.0 0.0 0.0 1.0 1.0
30181 0.0 0.0 0.0 1.0 0.0
00121 0.0 0.0 1.0 0.0 0.0
04821 0.0 1.0 0.0 0.0 0.0
26421 1.0 0.0 0.0 0.0 0.0
20451 0.0 1.0 0.0 1.0 0.0
27711 0.0 0.0 0.0 1.0 0.0
16481 0.0 1.0 0.0 0.0 0.0
16021 1.0 0.0 0.0 1.0 0.0
04331 0.0 1.0 0.0 1.0 0.0
11661 0.0 1.0 1.0 0.0 1.0
01981 0.0 1.0 0.0 0.0 0.0
12081 0.0 0.0 1.0 0.0 0.0
12551 0.0 1.0 0.0 1.0 0.0
02931 0.0 0.0 0.0 1.0 0.0
15821 1.0 1.0 0.0 0.0 0.0
17921 0.0 1.0 0.0 1.0 0.0
23971 0.0 0.0 0.0 1.0 1.0
15101 0.0 0.0 0.0 0.0 0.0
24681 0.0 0.0 0.0 0.0 1.0
02851 0.0 0.0 0.0 1.0 0.0
21681 0.0 0.0 0.0 0.0 1.0
09161 0.0 0.0 0.0 1.0 1.0
14011 0.0 1.0 0.0 0.0 1.0
23321 0.0 0.0 0.0 1.0 0.0
20081 0.0 0.0 0.0 0.0 1.0
19721 0.0 1.0 0.0 0.0 1.0
00391 0.0 0.0 0.0 0.0 0.0
25661 1.0 0.0 0.0 1.0 0.0
08411 0.0 0.0 0.0 1.0 0.0
17811 1.0 1.0 0.0 1.0 0.0
02491 0.0 0.0 0.0 1.0 0.0
23581 0.0 1.0 0.0 1.0 0.0
01401 0.0 0.0 0.0 1.0 0.0
26711 0.0 0.0 0.0 1.0 0.0
24261 0.0 1.0 0.0 1.0 1.0
01711 1.0 0.0 0.0 1.0 0.0
05431 0.0 1.0 0.0 1.0 0.0
04511 0.0 0.0 0.0 1.0 1.0
13931 1.0 0.0 0.0 1.0 0.0
04221 0.0 0.0 0.0 1.0 0.0
14691 0.0 0.0 0.0 1.0 0.0
09871 0.0 0.0 0.0 0.0 0.0
29841 1.0 1.0 0.0 0.0 0.0
25681 1.0 0.0 1.0 0.0 0.0
22561 0.0 1.0 1.0 1.0 0.0
22971 0.0 0.0 0.0 1.0 0.0
10751 0.0 1.0 0.0 0.0 1.0
26411 1.0 0.0 0.0 1.0 0.0
11911 0.0 1.0 0.0 0.0 0.0
18181 1.0 0.0 0.0 0.0 1.0
12771 0.0 1.0 0.0 1.0 0.0
01811 0.0 0.0 1.0 1.0 0.0
22621 0.0 1.0 0.0 1.0 0.0
05331 0.0 1.0 0.0 0.0 1.0
05931 0.0 1.0 0.0 0.0 0.0
15841 0.0 1.0 0.0 1.0 1.0
05801 0.0 0.0 0.0 1.0 0.0
24711 0.0 0.0 0.0 0.0 1.0
11731 1.0 0.0 0.0 0.0 1.0
24821 1.0 1.0 0.0 0.0 0.0
27321 0.0 1.0 0.0 1.0 0.0
09331 0.0 0.0 0.0 0.0 1.0
07541 1.0 0.0 0.0 1.0 1.0
13221 1.0 1.0 0.0 0.0 0.0
03051 0.0 0.0 0.0 1.0 0.0
21991 0.0 0.0 1.0 1.0 0.0
01001 1.0 0.0 0.0 1.0 0.0
07051 0.0 1.0 0.0 0.0 0.0
21561 0.0 1.0 0.0 0.0 1.0
18101 0.0 1.0 0.0 1.0 0.0
30131 0.0 0.0 0.0 1.0 0.0
29131 1.0 0.0 0.0 1.0 0.0
22211 1.0 0.0 0.0 1.0 0.0
20411 0.0 0.0 0.0 1.0 0.0
19381 0.0 0.0 1.0 1.0 0.0
20531 0.0 0.0 0.0 1.0 1.0
01421 0.0 1.0 0.0 0.0 0.0
11281 0.0 1.0 0.0 0.0 0.0
17941 0.0 0.0 1.0 1.0 0.0
15591 0.0 1.0 0.0 1.0 0.0
07341 0.0 1.0 0.0 0.0 0.0
27151 0.0 0.0 0.0 1.0 0.0
20041 1.0 1.0 0.0 0.0 0.0
11491 0.0 0.0 0.0 0.0 1.0
24891 1.0 1.0 0.0 0.0 0.0
24871 1.0 1.0 0.0 0.0 0.0
07241 0.0 1.0 0.0 0.0 0.0
24371 0.0 1.0 0.0 1.0 1.0
09031 0.0 0.0 0.0 0.0 1.0
20861 0.0 1.0 0.0 1.0 0.0
20111 0.0 0.0 1.0 1.0 1.0
22401 0.0 1.0 0.0 0.0 0.0
08691 0.0 1.0 0.0 0.0 0.0
09521 1.0 0.0 0.0 0.0 0.0
23691 0.0 0.0 0.0 1.0 0.0
18441 1.0 0.0 0.0 0.0 0.0
17561 1.0 1.0 0.0 0.0 0.0
08421 0.0 0.0 0.0 1.0 0.0
27111 1.0 0.0 0.0 1.0 0.0
27331 0.0 1.0 0.0 1.0 0.0
07991 0.0 0.0 0.0 0.0 0.0
27941 1.0 0.0 0.0 0.0 0.0
09731 1.0 1.0 0.0 0.0 0.0
26321 1.0 0.0 0.0 1.0 0.0
13211 1.0 0.0 0.0 0.0 0.0
15551 0.0 0.0 0.0 1.0 0.0
02191 0.0 0.0 1.0 1.0 0.0
01101 0.0 0.0 0.0 1.0 1.0
06701 0.0 1.0 0.0 0.0 0.0
09231 0.0 1.0 0.0 1.0 0.0
28111 0.0 1.0 0.0 1.0 0.0
18921 0.0 1.0 0.0 1.0 0.0
02181 0.0 1.0 0.0 1.0 0.0
13451 0.0 0.0 0.0 1.0 0.0
23751 0.0 1.0 0.0 1.0 0.0
27801 1.0 0.0 0.0 1.0 0.0
28141 0.0 1.0 0.0 0.0 1.0
16561 1.0 0.0 0.0 0.0 0.0
09261 0.0 0.0 0.0 0.0 1.0
14761 0.0 1.0 1.0 0.0 1.0
17711 0.0 0.0 0.0 1.0 0.0
04351 0.0 0.0 0.0 1.0 0.0
09601 0.0 0.0 0.0 0.0 0.0
08271 0.0 0.0 0.0 1.0 0.0
17211 1.0 0.0 0.0 1.0 0.0
11161 1.0 0.0 0.0 0.0 0.0
24881 1.0 0.0 0.0 0.0 0.0
28311 1.0 0.0 0.0 1.0 0.0
16331 1.0 1.0 0.0 1.0 0.0
06811 0.0 1.0 0.0 0.0 0.0
17281 0.0 0.0 0.0 1.0 0.0
07421 0.0 1.0 0.0 0.0 0.0
14251 0.0 0.0 0.0 0.0 0.0
28251 0.0 0.0 1.0 1.0 0.0
10741 1.0 0.0 0.0 0.0 0.0
18721 0.0 1.0 0.0 0.0 0.0
20921 0.0 0.0 0.0 1.0 0.0
22521 1.0 1.0 0.0 0.0 0.0
16251 0.0 1.0 0.0 1.0 0.0
09201 0.0 0.0 0.0 0.0 1.0
17001 1.0 0.0 0.0 0.0 0.0
12711 0.0 0.0 0.0 1.0 1.0
12721 1.0 0.0 0.0 0.0 0.0
14641 0.0 1.0 0.0 0.0 0.0
27891 1.0 1.0 0.0 1.0 0.0
09441 0.0 1.0 0.0 0.0 0.0
11971 0.0 1.0 1.0 0.0 0.0
14351 1.0 0.0 0.0 0.0 0.0
18791 0.0 1.0 0.0 0.0 0.0
10021 0.0 1.0 1.0 0.0 0.0
16701 1.0 0.0 0.0 0.0 0.0
23521 0.0 1.0 0.0 1.0 1.0
24931 1.0 1.0 1.0 0.0 0.0
08831 0.0 0.0 0.0 1.0 0.0
16081 0.0 1.0 0.0 0.0 0.0
06301 0.0 1.0 0.0 0.0 0.0
19221 1.0 0.0 1.0 0.0 1.0
05251 0.0 0.0 1.0 0.0 0.0
17991 1.0 1.0 0.0 1.0 0.0
22191 0.0 1.0 1.0 0.0 0.0
22541 1.0 1.0 0.0 0.0 0.0
09171 0.0 0.0 0.0 1.0 1.0
22171 0.0 1.0 0.0 0.0 0.0
15231 0.0 1.0 0.0 0.0 0.0
05351 1.0 1.0 0.0 0.0 0.0
00921 0.0 1.0 0.0 1.0 0.0
02231 0.0 0.0 0.0 1.0 0.0
16591 0.0 1.0 0.0 0.0 0.0
29461 0.0 1.0 0.0 0.0 1.0
09451 0.0 1.0 1.0 1.0 0.0
05051 0.0 1.0 0.0 0.0 0.0
14821 0.0 0.0 0.0 0.0 1.0
03801 0.0 1.0 1.0 0.0 0.0
28361 0.0 1.0 0.0 0.0 1.0
17071 0.0 1.0 0.0 0.0 0.0
07231 1.0 1.0 0.0 0.0 0.0
16431 0.0 1.0 0.0 0.0 0.0
04861 1.0 1.0 0.0 0.0 0.0
11331 0.0 1.0 0.0 0.0 0.0
06111 0.0 1.0 0.0 0.0 0.0
22161 0.0 0.0 0.0 0.0 0.0
23301 0.0 1.0 0.0 1.0 0.0
30241 0.0 0.0 0.0 1.0 0.0
01431 1.0 1.0 0.0 0.0 0.0
04071 0.0 0.0 1.0 1.0 0.0
18231 0.0 1.0 0.0 0.0 1.0
03451 0.0 1.0 0.0 0.0 0.0
18651 0.0 1.0 1.0 0.0 1.0
02301 0.0 0.0 0.0 1.0 0.0
12611 0.0 1.0 0.0 0.0 1.0
06671 1.0 1.0 0.0 0.0 0.0
25301 1.0 0.0 0.0 1.0 1.0
15741 0.0 0.0 0.0 1.0 0.0
17111 1.0 0.0 0.0 0.0 1.0
18041 0.0 1.0 0.0 1.0 0.0
05301 0.0 0.0 0.0 1.0 0.0
06801 0.0 1.0 0.0 0.0 0.0
26881 1.0 1.0 0.0 0.0 0.0
05401 1.0 1.0 0.0 0.0 0.0
19731 0.0 0.0 0.0 1.0 0.0
27071 0.0 0.0 0.0 1.0 0.0
08871 0.0 1.0 0.0 1.0 0.0
18911 0.0 0.0 0.0 0.0 0.0
04061 0.0 1.0 0.0 1.0 0.0
24601 0.0 0.0 0.0 0.0 1.0
25821 0.0 0.0 0.0 1.0 0.0
20541 0.0 0.0 0.0 1.0 1.0
21661 0.0 0.0 0.0 0.0 1.0
25271 0.0 0.0 0.0 1.0 0.0
08881 0.0 0.0 0.0 1.0 1.0
24481 0.0 0.0 1.0 1.0 1.0
05881 0.0 0.0 0.0 1.0 0.0
11861 0.0 0.0 0.0 1.0 0.0
29251 0.0 0.0 0.0 1.0 0.0
25831 1.0 0.0 1.0 0.0 0.0
27491 1.0 0.0 0.0 1.0 0.0
03311 0.0 1.0 0.0 0.0 0.0
29311 0.0 0.0 0.0 1.0 0.0
17651 1.0 0.0 0.0 0.0 0.0
14151 0.0 0.0 0.0 1.0 0.0
14471 0.0 0.0 0.0 0.0 0.0
11721 1.0 0.0 0.0 0.0 0.0
10261 0.0 1.0 0.0 0.0 1.0
00211 0.0 0.0 0.0 0.0 0.0
03341 0.0 1.0 0.0 0.0 0.0
24701 0.0 0.0 0.0 0.0 1.0
16361 0.0 1.0 0.0 0.0 0.0
25251 0.0 0.0 0.0 1.0 0.0
24591 0.0 0.0 0.0 1.0 1.0
02331 0.0 0.0 0.0 1.0 0.0
00361 0.0 0.0 1.0 0.0 0.0
28411 0.0 0.0 0.0 1.0 1.0
24531 0.0 0.0 0.0 1.0 1.0
05391 1.0 0.0 0.0 0.0 0.0
01761 0.0 1.0 0.0 1.0 0.0
19581 1.0 0.0 0.0 0.0 1.0
22731 1.0 1.0 0.0 0.0 0.0
15521 0.0 0.0 0.0 1.0 0.0
18191 0.0 0.0 0.0 0.0 1.0
00981 0.0 0.0 1.0 0.0 1.0
26541 1.0 0.0 0.0 1.0 0.0
21931 0.0 0.0 1.0 0.0 1.0
08751 0.0 1.0 0.0 0.0 0.0
13181 0.0 1.0 0.0 0.0 0.0
15611 0.0 1.0 0.0 1.0 0.0
00271 0.0 0.0 0.0 1.0 0.0
11301 0.0 1.0 0.0 0.0 0.0
07151 1.0 0.0 0.0 0.0 0.0
19231 0.0 1.0 0.0 1.0 1.0
03101 0.0 0.0 1.0 1.0 0.0
21571 0.0 1.0 0.0 0.0 1.0
14551 0.0 1.0 0.0 1.0 0.0
19001 0.0 1.0 0.0 0.0 0.0
29071 0.0 1.0 0.0 0.0 0.0
02311 0.0 0.0 0.0 1.0 0.0
09511 0.0 0.0 0.0 0.0 1.0
28491 0.0 0.0 0.0 1.0 0.0
19211 1.0 1.0 0.0 0.0 0.0
28881 1.0 1.0 0.0 0.0 0.0
11191 0.0 0.0 0.0 0.0 0.0
04911 0.0 1.0 0.0 0.0 0.0
11961 1.0 0.0 0.0 0.0 0.0
07901 0.0 1.0 0.0 1.0 0.0
07011 0.0 1.0 0.0 0.0 0.0
18121 1.0 1.0 0.0 1.0 0.0
09631 1.0 1.0 0.0 0.0 0.0
28151 1.0 1.0 0.0 1.0 0.0
30121 0.0 0.0 0.0 1.0 0.0
26291 0.0 0.0 0.0 1.0 0.0
29191 0.0 0.0 0.0 1.0 1.0
02071 1.0 0.0 1.0 0.0 0.0
21341 0.0 1.0 0.0 0.0 1.0
00951 0.0 1.0 0.0 1.0 0.0
25761 1.0 1.0 0.0 1.0 0.0
07531 0.0 0.0 0.0 1.0 0.0
02821 0.0 0.0 0.0 1.0 0.0
16141 0.0 0.0 0.0 0.0 1.0
16821 0.0 1.0 0.0 0.0 1.0
09701 0.0 1.0 0.0 0.0 0.0
05381 1.0 1.0 0.0 1.0 0.0
29041 0.0 0.0 0.0 1.0 1.0
26071 0.0 0.0 0.0 1.0 1.0
10461 1.0 0.0 1.0 0.0 1.0
00831 0.0 0.0 0.0 1.0 1.0
14371 0.0 0.0 0.0 1.0 0.0
22481 1.0 0.0 0.0 0.0 0.0
01791 0.0 0.0 0.0 1.0 0.0
30161 0.0 0.0 0.0 1.0 0.0
00201 0.0 0.0 1.0 0.0 0.0
05841 0.0 1.0 0.0 0.0 0.0
29001 0.0 0.0 0.0 1.0 0.0
06691 0.0 1.0 0.0 0.0 0.0
13601 0.0 0.0 0.0 1.0 0.0
22231 0.0 0.0 0.0 0.0 0.0
00131 0.0 0.0 0.0 0.0 0.0
17041 0.0 1.0 0.0 0.0 0.0
20071 0.0 1.0 0.0 1.0 0.0
20831 0.0 1.0 0.0 1.0 0.0
24991 0.0 0.0 1.0 1.0 0.0
04831 0.0 1.0 0.0 0.0 0.0
00331 0.0 1.0 1.0 0.0 0.0
14831 0.0 0.0 1.0 1.0 0.0
21461 0.0 1.0 1.0 0.0 1.0
00691 0.0 1.0 1.0 0.0 0.0
15281 0.0 0.0 0.0 0.0 0.0
29231 0.0 1.0 0.0 1.0 0.0
10471 0.0 0.0 0.0 0.0 1.0
24801 0.0 1.0 1.0 1.0 0.0
16841 1.0 1.0 0.0 0.0 0.0
22091 1.0 0.0 1.0 0.0 0.0
27041 0.0 0.0 1.0 1.0 0.0
19671 1.0 0.0 0.0 1.0 0.0
05101 1.0 1.0 0.0 0.0 0.0
27121 1.0 0.0 0.0 1.0 0.0
16511 0.0 1.0 0.0 0.0 0.0
29511 0.0 1.0 1.0 1.0 0.0
16471 0.0 1.0 0.0 0.0 0.0
18001 0.0 0.0 0.0 1.0 0.0
29321 0.0 1.0 0.0 1.0 0.0
20951 0.0 1.0 0.0 0.0 0.0
27481 0.0 0.0 0.0 1.0 0.0
19601 0.0 0.0 0.0 0.0 0.0
18951 0.0 0.0 0.0 1.0 0.0
29681 0.0 1.0 0.0 1.0 1.0
24171 1.0 0.0 0.0 1.0 1.0
12371 1.0 1.0 0.0 0.0 0.0
25691 1.0 0.0 0.0 1.0 0.0
27781 0.0 0.0 0.0 1.0 0.0
21411 0.0 1.0 0.0 0.0 1.0
09471 0.0 1.0 0.0 0.0 0.0
25971 0.0 0.0 0.0 1.0 0.0
02721 0.0 0.0 0.0 1.0 0.0
29371 1.0 0.0 0.0 0.0 0.0
14591 0.0 0.0 0.0 1.0 0.0
15831 1.0 0.0 1.0 0.0 0.0
25051 0.0 0.0 0.0 1.0 0.0
03231 0.0 1.0 0.0 0.0 0.0
04711 1.0 0.0 0.0 1.0 0.0
14571 0.0 1.0 0.0 0.0 0.0
01371 0.0 1.0 1.0 1.0 0.0
05911 1.0 1.0 0.0 1.0 0.0
21721 0.0 0.0 0.0 0.0 1.0
05961 0.0 1.0 0.0 0.0 0.0
19801 0.0 0.0 0.0 1.0 0.0
03371 0.0 1.0 0.0 1.0 0.0
24911 1.0 0.0 0.0 0.0 0.0
22311 0.0 0.0 0.0 1.0 1.0
17541 1.0 1.0 0.0 0.0 0.0
08111 0.0 0.0 0.0 1.0 0.0
21321 1.0 0.0 0.0 1.0 1.0
27391 1.0 0.0 0.0 1.0 0.0
23201 0.0 1.0 0.0 1.0 1.0
02421 1.0 0.0 0.0 1.0 1.0
29491 0.0 1.0 0.0 1.0 0.0
02621 0.0 0.0 0.0 1.0 0.0
26381 1.0 0.0 0.0 1.0 0.0
15141 0.0 0.0 0.0 0.0 1.0
02321 0.0 0.0 0.0 1.0 0.0
11151 0.0 0.0 0.0 0.0 1.0
16581 0.0 1.0 0.0 0.0 0.0
10291 1.0 1.0 1.0 0.0 0.0
26831 0.0 0.0 0.0 1.0 0.0
26651 0.0 0.0 0.0 1.0 0.0
02401 0.0 0.0 0.0 1.0 0.0
10671 0.0 1.0 0.0 0.0 0.0
21161 1.0 1.0 0.0 1.0 0.0
10551 1.0 0.0 1.0 0.0 0.0
